t 1 2 jV0100 
0 0 0 0
0.01 0 0 0
0.02 10 0.0497512 -1.99005
0.03 10 0.148759 -1.97025
0.04 10 0.246781 -1.95064
0.05 10 0.343828 -1.93123
0.06 10 0.439909 -1.91202
0.07 10 0.535035 -1.89299
0.08 10 0.629213 -1.87416
0.09 10 0.722455 -1.85551
0.1 10 0.814769 -1.83705
0.11 10 0.906164 -1.81877
0.12 10 0.99665 -1.80067
0.13 10 1.08624 -1.78275
0.14 10 1.17493 -1.76501
0.15 10 1.26274 -1.74745
0.16 10 1.34968 -1.73006
0.17 10 1.43575 -1.71285
0.18 10 1.52097 -1.69581
0.19 10 1.60534 -1.67893
0.2 10 1.68887 -1.66223
0.21 10 1.77156 -1.64569
0.22 10 1.85344 -1.62931
0.23 10 1.9345 -1.6131
0.24 10 2.01475 -1.59705
0.25 10 2.09421 -1.58116
0.26 10 2.17287 -1.56543
0.27 10 2.25075 -1.54985
0.28 10 2.32786 -1.53443
0.29 10 2.4042 -1.51916
0.3 10 2.47978 -1.50404
0.31 10 2.55461 -1.48908
0.32 10 2.62869 -1.47426
0.33 10 2.70204 -1.45959
0.34 10 2.77466 -1.44507
0.35 10 2.84655 -1.43069
0.36 10 2.91773 -1.41645
0.37 10 2.9882 -1.40236
0.38 10 3.05797 -1.38841
0.39 10 3.12704 -1.37459
0.4 10 3.19543 -1.36091
0.41 10 3.26314 -1.34737
0.42 10 3.33017 -1.33397
0.43 10 3.39654 -1.32069
0.44 10 3.46224 -1.30755
0.45 10 3.5273 -1.29454
0.46 10 3.5917 -1.28166
0.47 10 3.65547 -1.26891
0.48 10 3.71859 -1.25628
0.49 10 3.7811 -1.24378
0.5 10 3.84298 -1.2314
0.51 10 3.90424 -1.21915
0.52 10 3.96489 -1.20702
0.53 10 4.02495 -1.19501
0.54 10 4.0844 -1.18312
0.55 10 4.14326 -1.17135
0.56 10 4.20154 -1.15969
0.57 10 4.25923 -1.14815
0.58 10 4.31635 -1.13673
0.59 10 4.37291 -1.12542
0.6 10 4.4289 -1.11422
0.61 10 4.48433 -1.10313
0.62 10 4.53922 -1.09216
0.63 10 4.59355 -1.08129
0.64 10 4.64735 -1.07053
0.65 10 4.70061 -1.05988
0.66 10 4.75334 -1.04933
0.67 10 4.80554 -1.03889
0.68 10 4.85723 -1.02855
0.69 10 4.9084 -1.01832
0.7 10 4.95906 -1.00819
0.71 10 5.00922 -0.998156
0.72 10 5.05888 -0.988224
0.73 10 5.10805 -0.978391
0.74 10 5.15672 -0.968655
0.75 10 5.20491 -0.959017
0.76 10 5.25263 -0.949475
0.77 10 5.29986 -0.940027
0.78 10 5.34663 -0.930674
0.79 10 5.39293 -0.921413
0.8 10 5.43878 -0.912245
0.81 10 5.48416 -0.903168
0.82 10 5.52909 -0.894181
0.83 10 5.57358 -0.885284
0.84 10 5.61763 -0.876475
0.85 10 5.66123 -0.867754
0.86 10 5.7044 -0.859119
0.87 10 5.74715 -0.850571
0.88 10 5.78946 -0.842108
0.89 10 5.83136 -0.833728
0.9 10 5.87284 -0.825433
0.91 10 5.9139 -0.817219
0.92 10 5.95456 -0.809088
0.93 10 5.99481 -0.801037
0.94 10 6.03467 -0.793067
0.95 10 6.07412 -0.785175
0.96 10 6.11319 -0.777363
0.97 10 6.15186 -0.769628
0.98 10 6.19015 -0.76197
0.99 10 6.22806 -0.754388
1 10 6.26559 -0.746882
1.01 10 6.30275 -0.73945
1.02 10 6.33954 -0.732092
1.03 10 6.37596 -0.724808
1.04 10 6.41202 -0.717596
1.05 10 6.44772 -0.710456
1.06 10 6.48307 -0.703386
1.07 10 6.51806 -0.696387
1.08 10 6.55271 -0.689458
1.09 10 6.58701 -0.682598
1.1 10 6.62097 -0.675806
1.11 10 6.65459 -0.669081
1.12 10 6.68788 -0.662424
1.13 10 6.72084 -0.655833
1.14 10 6.75347 -0.649307
1.15 10 6.78577 -0.642846
1.16 10 6.81775 -0.63645
1.17 10 6.84942 -0.630117
1.18 10 6.88076 -0.623847
1.19 10 6.9118 -0.61764
1.2 10 6.94253 -0.611494
1.21 10 6.97295 -0.605409
1.22 10 7.00307 -0.599385
1.23 10 7.03289 -0.593421
1.24 10 7.06242 -0.587517
1.25 10 7.09165 -0.581671
1.26 10 7.12058 -0.575883
1.27 10 7.14924 -0.570153
1.28 10 7.1776 -0.56448
1.29 10 7.20569 -0.558863
1.3 10 7.23349 -0.553302
1.31 10 7.26102 -0.547797
1.32 10 7.28827 -0.542346
1.33 10 7.31525 -0.536949
1.34 10 7.34197 -0.531607
1.35 10 7.36841 -0.526317
1.36 10 7.3946 -0.52108
1.37 10 7.42052 -0.515895
1.38 10 7.44619 -0.510762
1.39 10 7.4716 -0.50568
1.4 10 7.49676 -0.500648
1.41 10 7.52167 -0.495667
1.42 10 7.54633 -0.490735
1.43 10 7.57074 -0.485852
1.44 10 7.59491 -0.481017
1.45 10 7.61885 -0.476231
1.46 10 7.64254 -0.471492
1.47 10 7.666 -0.466801
1.48 10 7.68922 -0.462156
1.49 10 7.71221 -0.457558
1.5 10 7.73498 -0.453005
1.51 10 7.75751 -0.448497
1.52 10 7.77983 -0.444035
1.53 10 7.80192 -0.439616
1.54 10 7.82379 -0.435242
1.55 10 7.84544 -0.430911
1.56 10 7.86688 -0.426624
1.57 10 7.88811 -0.422379
1.58 10 7.90912 -0.418176
1.59 10 7.92993 -0.414015
1.6 10 7.95052 -0.409895
1.61 10 7.97092 -0.405817
1.62 10 7.99111 -0.401779
1.63 10 8.0111 -0.397781
1.64 10 8.03089 -0.393823
1.65 10 8.05048 -0.389904
1.66 10 8.06988 -0.386025
1.67 10 8.08908 -0.382184
1.68 10 8.1081 -0.378381
1.69 10 8.12692 -0.374616
1.7 10 8.14556 -0.370888
1.71 10 8.16401 -0.367198
1.72 10 8.18228 -0.363544
1.73 10 8.20037 -0.359927
1.74 10 8.21827 -0.356345
1.75 10 8.236 -0.3528
1.76 10 8.25355 -0.349289
1.77 10 8.27093 -0.345814
1.78 10 8.28814 -0.342373
1.79 10 8.30517 -0.338966
1.8 10 8.32203 -0.335593
1.81 10 8.33873 -0.332254
1.82 10 8.35526 -0.328948
1.83 10 8.37163 -0.325675
1.84 10 8.38783 -0.322434
1.85 10 8.40387 -0.319226
1.86 10 8.41975 -0.31605
1.87 10 8.43548 -0.312905
1.88 10 8.45104 -0.309791
1.89 10 8.46646 -0.306709
1.9 10 8.48171 -0.303657
1.91 10 8.49682 -0.300636
1.92 10 8.51178 -0.297644
1.93 10 8.52659 -0.294683
1.94 10 8.54125 -0.29175
1.95 10 8.55576 -0.288847
1.96 10 8.57013 -0.285973
1.97 10 8.58436 -0.283128
1.98 10 8.59845 -0.280311
1.99 10 8.61239 -0.277522
2 10 8.6262 -0.27476
2.01 10 8.63987 -0.272026
2.02 10 8.6534 -0.269319
2.03 10 8.6668 -0.26664
2.04 10 8.68007 -0.263987
2.05 10 8.6932 -0.26136
2.06 10 8.7062 -0.258759
2.07 10 8.71908 -0.256184
2.08 10 8.73182 -0.253635
2.09 10 8.74444 -0.251112
2.1 10 8.75693 -0.248613
2.11 10 8.7693 -0.246139
2.12 10 8.78155 -0.24369
2.13 10 8.79367 -0.241265
2.14 10 8.80568 -0.238865
2.15 10 8.81756 -0.236488
2.16 10 8.82933 -0.234135
2.17 10 8.84097 -0.231805
2.18 10 8.85251 -0.229499
2.19 10 8.86392 -0.227215
2.2 10 8.87523 -0.224954
2.21 10 8.88642 -0.222716
2.22 10 8.8975 -0.2205
2.23 10 8.90847 -0.218306
2.24 10 8.91933 -0.216134
2.25 10 8.93009 -0.213983
2.26 10 8.94073 -0.211854
2.27 10 8.95127 -0.209746
2.28 10 8.96171 -0.207659
2.29 10 8.97204 -0.205592
2.3 10 8.98227 -0.203547
2.31 10 8.99239 -0.201521
2.32 10 9.00242 -0.199516
2.33 10 9.01234 -0.197531
2.34 10 9.02217 -0.195566
2.35 10 9.0319 -0.19362
2.36 10 9.04153 -0.191693
2.37 10 9.05107 -0.189786
2.38 10 9.06051 -0.187897
2.39 10 9.06986 -0.186028
2.4 10 9.07912 -0.184177
2.41 10 9.08828 -0.182344
2.42 10 9.09735 -0.18053
2.43 10 9.10633 -0.178733
2.44 10 9.11523 -0.176955
2.45 10 9.12403 -0.175194
2.46 10 9.13275 -0.173451
2.47 10 9.14137 -0.171725
2.48 10 9.14992 -0.170016
2.49 10 9.15838 -0.168325
2.5 10 9.16675 -0.16665
2.51 10 9.17504 -0.164992
2.52 10 9.18325 -0.16335
2.53 10 9.19138 -0.161724
2.54 10 9.19942 -0.160115
2.55 10 9.20739 -0.158522
2.56 10 9.21528 -0.156945
2.57 10 9.22308 -0.155383
2.58 10 9.23082 -0.153837
2.59 10 9.23847 -0.152306
2.6 10 9.24605 -0.150791
2.61 10 9.25355 -0.14929
2.62 10 9.26098 -0.147805
2.63 10 9.26833 -0.146334
2.64 10 9.27561 -0.144878
2.65 10 9.28282 -0.143437
2.66 10 9.28995 -0.142009
2.67 10 9.29702 -0.140596
2.68 10 9.30401 -0.139197
2.69 10 9.31094 -0.137812
2.7 10 9.31779 -0.136441
2.71 10 9.32458 -0.135083
2.72 10 9.3313 -0.133739
2.73 10 9.33796 -0.132409
2.74 10 9.34454 -0.131091
2.75 10 9.35107 -0.129787
2.76 10 9.35752 -0.128495
2.77 10 9.36392 -0.127217
2.78 10 9.37025 -0.125951
2.79 10 9.37651 -0.124698
2.8 10 9.38272 -0.123457
2.81 10 9.38886 -0.122228
2.82 10 9.39494 -0.121012
2.83 10 9.40096 -0.119808
2.84 10 9.40692 -0.118616
2.85 10 9.41282 -0.117436
2.86 10 9.41866 -0.116267
2.87 10 9.42445 -0.11511
2.88 10 9.43018 -0.113965
2.89 10 9.43585 -0.112831
2.9 10 9.44146 -0.111708
2.91 10 9.44702 -0.110597
2.92 10 9.45252 -0.109496
2.93 10 9.45797 -0.108407
2.94 10 9.46336 -0.107328
2.95 10 9.4687 -0.10626
2.96 10 9.47399 -0.105203
2.97 10 9.47922 -0.104156
2.98 10 9.4844 -0.10312
2.99 10 9.48953 -0.102094
3 10 9.49461 -0.101078
3.01 10 9.49964 -0.100072
3.02 10 9.50462 -0.0990763
3.03 10 9.50955 -0.0980904
3.04 10 9.51443 -0.0971144
3.05 10 9.51926 -0.0961481
3.06 10 9.52404 -0.0951914
3.07 10 9.52878 -0.0942442
3.08 10 9.53347 -0.0933065
3.09 10 9.53811 -0.092378
3.1 10 9.54271 -0.0914589
3.11 10 9.54726 -0.0905488
3.12 10 9.55176 -0.0896478
3.13 10 9.55622 -0.0887558
3.14 10 9.56064 -0.0878727
3.15 10 9.56501 -0.0869983
3.16 10 9.56934 -0.0861327
3.17 10 9.57362 -0.0852756
3.18 10 9.57786 -0.0844271
3.19 10 9.58206 -0.083587
3.2 10 9.58622 -0.0827553
3.21 10 9.59034 -0.0819319
3.22 10 9.59442 -0.0811167
3.23 10 9.59845 -0.0803095
3.24 10 9.60245 -0.0795104
3.25 10 9.6064 -0.0787193
3.26 10 9.61032 -0.077936
3.27 10 9.6142 -0.0771605
3.28 10 9.61804 -0.0763927
3.29 10 9.62184 -0.0756326
3.3 10 9.6256 -0.0748801
3.31 10 9.62933 -0.074135
3.32 10 9.63301 -0.0733973
3.33 10 9.63667 -0.072667
3.34 10 9.64028 -0.0719439
3.35 10 9.64386 -0.0712281
3.36 10 9.6474 -0.0705193
3.37 10 9.65091 -0.0698177
3.38 10 9.65439 -0.069123
3.39 10 9.65782 -0.0684352
3.4 10 9.66123 -0.0677542
3.41 10 9.6646 -0.06708
3.42 10 9.66794 -0.0664126
3.43 10 9.67124 -0.0657518
3.44 10 9.67451 -0.0650975
3.45 10 9.67775 -0.0644498
3.46 10 9.68096 -0.0638085
3.47 10 9.68413 -0.0631736
3.48 10 9.68728 -0.062545
3.49 10 9.69039 -0.0619226
3.5 10 9.69347 -0.0613065
3.51 10 9.69652 -0.0606965
3.52 10 9.69954 -0.0600925
3.53 10 9.70253 -0.0594946
3.54 10 9.70549 -0.0589026
3.55 10 9.70842 -0.0583165
3.56 10 9.71132 -0.0577363
3.57 10 9.71419 -0.0571618
3.58 10 9.71704 -0.056593
3.59 10 9.71985 -0.0560299
3.6 10 9.72264 -0.0554724
3.61 10 9.7254 -0.0549204
3.62 10 9.72813 -0.0543739
3.63 10 9.73084 -0.0538329
3.64 10 9.73351 -0.0532973
3.65 10 9.73617 -0.0527669
3.66 10 9.73879 -0.0522419
3.67 10 9.74139 -0.0517221
3.68 10 9.74396 -0.0512074
3.69 10 9.74651 -0.0506979
3.7 10 9.74903 -0.0501934
3.71 10 9.75153 -0.049694
3.72 10 9.754 -0.0491995
3.73 10 9.75645 -0.04871
3.74 10 9.75887 -0.0482253
3.75 10 9.76127 -0.0477455
3.76 10 9.76365 -0.0472704
3.77 10 9.766 -0.0468
3.78 10 9.76833 -0.0463343
3.79 10 9.77063 -0.0458733
3.8 10 9.77292 -0.0454169
3.81 10 9.77518 -0.044965
3.82 10 9.77741 -0.0445175
3.83 10 9.77963 -0.0440746
3.84 10 9.78182 -0.043636
3.85 10 9.78399 -0.0432018
3.86 10 9.78614 -0.042772
3.87 10 9.78827 -0.0423464
3.88 10 9.79037 -0.041925
3.89 10 9.79246 -0.0415079
3.9 10 9.79453 -0.0410948
3.91 10 9.79657 -0.0406859
3.92 10 9.79859 -0.0402811
3.93 10 9.8006 -0.0398803
3.94 10 9.80258 -0.0394835
3.95 10 9.80455 -0.0390906
3.96 10 9.80649 -0.0387016
3.97 10 9.80842 -0.0383166
3.98 10 9.81032 -0.0379353
3.99 10 9.81221 -0.0375578
4 10 9.81408 -0.0371841
4.01 10 9.81593 -0.0368141
4.02 10 9.81776 -0.0364478
4.03 10 9.81957 -0.0360852
4.04 10 9.82137 -0.0357261
4.05 10 9.82315 -0.0353706
4.06 10 9.82491 -0.0350187
4.07 10 9.82665 -0.0346702
4.08 10 9.82837 -0.0343252
4.09 10 9.83008 -0.0339837
4.1 10 9.83177 -0.0336456
4.11 10 9.83345 -0.0333108
4.12 10 9.8351 -0.0329793
4.13 10 9.83674 -0.0326512
4.14 10 9.83837 -0.0323263
4.15 10 9.83998 -0.0320046
4.16 10 9.84157 -0.0316862
4.17 10 9.84315 -0.0313709
4.18 10 9.84471 -0.0310587
4.19 10 9.84625 -0.0307497
4.2 10 9.84778 -0.0304437
4.21 10 9.8493 -0.0301408
4.22 10 9.8508 -0.0298409
4.23 10 9.85228 -0.029544
4.24 10 9.85375 -0.02925
4.25 10 9.85521 -0.028959
4.26 10 9.85665 -0.0286708
4.27 10 9.85807 -0.0283855
4.28 10 9.85948 -0.0281031
4.29 10 9.86088 -0.0278235
4.3 10 9.86227 -0.0275466
4.31 10 9.86364 -0.0272725
4.32 10 9.86499 -0.0270011
4.33 10 9.86634 -0.0267325
4.34 10 9.86767 -0.0264665
4.35 10 9.86898 -0.0262031
4.36 10 9.87029 -0.0259424
4.37 10 9.87158 -0.0256843
4.38 10 9.87286 -0.0254287
4.39 10 9.87412 -0.0251757
4.4 10 9.87537 -0.0249252
4.41 10 9.87661 -0.0246772
4.42 10 9.87784 -0.0244316
4.43 10 9.87906 -0.0241885
4.44 10 9.88026 -0.0239478
4.45 10 9.88145 -0.0237096
4.46 10 9.88263 -0.0234736
4.47 10 9.8838 -0.0232401
4.48 10 9.88496 -0.0230088
4.49 10 9.8861 -0.0227799
4.5 10 9.88723 -0.0225532
4.51 10 9.88836 -0.0223288
4.52 10 9.88947 -0.0221066
4.53 10 9.89057 -0.0218867
4.54 10 9.89166 -0.0216689
4.55 10 9.89273 -0.0214533
4.56 10 9.8938 -0.0212398
4.57 10 9.89486 -0.0210285
4.58 10 9.8959 -0.0208192
4.59 10 9.89694 -0.0206121
4.6 10 9.89797 -0.020407
4.61 10 9.89898 -0.0202039
4.62 10 9.89999 -0.0200029
4.63 10 9.90098 -0.0198039
4.64 10 9.90197 -0.0196068
4.65 10 9.90294 -0.0194117
4.66 10 9.90391 -0.0192186
4.67 10 9.90486 -0.0190273
4.68 10 9.90581 -0.018838
4.69 10 9.90675 -0.0186506
4.7 10 9.90768 -0.018465
4.71 10 9.90859 -0.0182812
4.72 10 9.9095 -0.0180993
4.73 10 9.9104 -0.0179193
4.74 10 9.9113 -0.017741
4.75 10 9.91218 -0.0175644
4.76 10 9.91305 -0.0173897
4.77 10 9.91392 -0.0172166
4.78 10 9.91477 -0.0170453
4.79 10 9.91562 -0.0168757
4.8 10 9.91646 -0.0167078
4.81 10 9.91729 -0.0165415
4.82 10 9.91812 -0.016377
4.83 10 9.91893 -0.016214
4.84 10 9.91974 -0.0160527
4.85 10 9.92054 -0.0158929
4.86 10 9.92133 -0.0157348
4.87 10 9.92211 -0.0155782
4.88 10 9.92288 -0.0154232
4.89 10 9.92365 -0.0152698
4.9 10 9.92441 -0.0151178
4.91 10 9.92516 -0.0149674
4.92 10 9.92591 -0.0148185
4.93 10 9.92664 -0.014671
4.94 10 9.92737 -0.014525
4.95 10 9.9281 -0.0143805
4.96 10 9.92881 -0.0142374
4.97 10 9.92952 -0.0140958
4.98 10 9.93022 -0.0139555
4.99 10 9.93092 -0.0138166
5 10 9.9316 -0.0136792
5.01 10 9.93228 -0.013543
5.02 10 9.93296 -0.0134083
5.03 10 9.93363 -0.0132749
5.04 10 9.93429 -0.0131428
5.05 10 9.93494 -0.013012
5.06 10 9.93559 -0.0128825
5.07 10 9.93623 -0.0127544
5.08 10 9.93686 -0.0126274
5.09 10 9.93749 -0.0125018
5.1 10 9.93811 -0.0123774
5.11 10 9.93873 -0.0122542
5.12 10 9.93934 -0.0121323
5.13 10 9.93994 -0.0120116
5.14 10 9.94054 -0.0118921
5.15 10 9.94113 -0.0117737
5.16 10 9.94172 -0.0116566
5.17 10 9.9423 -0.0115406
5.18 10 9.94287 -0.0114258
5.19 10 9.94344 -0.0113121
5.2 10 9.944 -0.0111995
5.21 10 9.94456 -0.0110881
5.22 10 9.94511 -0.0109778
5.23 10 9.94566 -0.0108685
5.24 10 9.9462 -0.0107604
5.25 10 9.94673 -0.0106533
5.26 10 9.94726 -0.0105473
5.27 10 9.94779 -0.0104424
5.28 10 9.94831 -0.0103385
5.29 10 9.94882 -0.0102356
5.3 10 9.94933 -0.0101337
5.31 10 9.94984 -0.0100329
5.32 10 9.95033 -0.00993308
5.33 10 9.95083 -0.00983424
5.34 10 9.95132 -0.00973639
5.35 10 9.9518 -0.00963951
5.36 10 9.95228 -0.0095436
5.37 10 9.95276 -0.00944864
5.38 10 9.95323 -0.00935462
5.39 10 9.95369 -0.00926154
5.4 10 9.95415 -0.00916938
5.41 10 9.95461 -0.00907815
5.42 10 9.95506 -0.00898782
5.43 10 9.95551 -0.00889839
5.44 10 9.95595 -0.00880984
5.45 10 9.95639 -0.00872218
5.46 10 9.95682 -0.0086354
5.47 10 9.95725 -0.00854947
5.48 10 9.95768 -0.0084644
5.49 10 9.9581 -0.00838018
5.5 10 9.95852 -0.00829679
5.51 10 9.95893 -0.00821424
5.52 10 9.95934 -0.00813251
5.53 10 9.95974 -0.00805159
5.54 10 9.96014 -0.00797147
5.55 10 9.96054 -0.00789215
5.56 10 9.96093 -0.00781362
5.57 10 9.96132 -0.00773588
5.58 10 9.96171 -0.0076589
5.59 10 9.96209 -0.00758269
5.6 10 9.96246 -0.00750724
5.61 10 9.96284 -0.00743255
5.62 10 9.96321 -0.00735859
5.63 10 9.96357 -0.00728537
5.64 10 9.96394 -0.00721288
5.65 10 9.96429 -0.00714111
5.66 10 9.96465 -0.00707005
5.67 10 9.965 -0.0069997
5.68 10 9.96535 -0.00693006
5.69 10 9.96569 -0.0068611
5.7 10 9.96604 -0.00679283
5.71 10 9.96637 -0.00672524
5.72 10 9.96671 -0.00665832
5.73 10 9.96704 -0.00659207
5.74 10 9.96737 -0.00652648
5.75 10 9.96769 -0.00646154
5.76 10 9.96801 -0.00639724
5.77 10 9.96833 -0.00633359
5.78 10 9.96865 -0.00627057
5.79 10 9.96896 -0.00620817
5.8 10 9.96927 -0.0061464
5.81 10 9.96957 -0.00608524
5.82 10 9.96988 -0.00602469
5.83 10 9.97018 -0.00596475
5.84 10 9.97047 -0.0059054
5.85 10 9.97077 -0.00584664
5.86 10 9.97106 -0.00578846
5.87 10 9.97135 -0.00573086
5.88 10 9.97163 -0.00567384
5.89 10 9.97191 -0.00561738
5.9 10 9.97219 -0.00556149
5.91 10 9.97247 -0.00550615
5.92 10 9.97274 -0.00545136
5.93 10 9.97301 -0.00539712
5.94 10 9.97328 -0.00534342
5.95 10 9.97355 -0.00529025
5.96 10 9.97381 -0.00523761
5.97 10 9.97407 -0.0051855
5.98 10 9.97433 -0.0051339
5.99 10 9.97459 -0.00508281
6 10 9.97484 -0.00503224
6.01 10 9.97509 -0.00498217
6.02 10 9.97534 -0.00493259
6.03 10 9.97558 -0.00488351
6.04 10 9.97583 -0.00483492
6.05 10 9.97607 -0.00478681
6.06 10 9.9763 -0.00473918
6.07 10 9.97654 -0.00469203
6.08 10 9.97677 -0.00464534
6.09 10 9.977 -0.00459912
6.1 10 9.97723 -0.00455335
6.11 10 9.97746 -0.00450805
6.12 10 9.97768 -0.00446319
6.13 10 9.97791 -0.00441878
6.14 10 9.97813 -0.00437481
6.15 10 9.97834 -0.00433128
6.16 10 9.97856 -0.00428819
6.17 10 9.97877 -0.00424552
6.18 10 9.97898 -0.00420327
6.19 10 9.97919 -0.00416145
6.2 10 9.9794 -0.00412004
6.21 10 9.9796 -0.00407905
6.22 10 9.97981 -0.00403846
6.23 10 9.98001 -0.00399828
6.24 10 9.98021 -0.00395849
6.25 10 9.9804 -0.0039191
6.26 10 9.9806 -0.00388011
6.27 10 9.98079 -0.0038415
6.28 10 9.98098 -0.00380328
6.29 10 9.98117 -0.00376543
6.3 10 9.98136 -0.00372797
6.31 10 9.98155 -0.00369087
6.32 10 9.98173 -0.00365415
6.33 10 9.98191 -0.00361779
6.34 10 9.98209 -0.00358179
6.35 10 9.98227 -0.00354615
6.36 10 9.98245 -0.00351086
6.37 10 9.98262 -0.00347593
6.38 10 9.98279 -0.00344134
6.39 10 9.98296 -0.0034071
6.4 10 9.98313 -0.0033732
6.41 10 9.9833 -0.00333964
6.42 10 9.98347 -0.00330641
6.43 10 9.98363 -0.00327351
6.44 10 9.9838 -0.00324093
6.45 10 9.98396 -0.00320869
6.46 10 9.98412 -0.00317676
6.47 10 9.98427 -0.00314515
6.48 10 9.98443 -0.00311385
6.49 10 9.98459 -0.00308287
6.5 10 9.98474 -0.00305219
6.51 10 9.98489 -0.00302182
6.52 10 9.98504 -0.00299176
6.53 10 9.98519 -0.00296199
6.54 10 9.98534 -0.00293252
6.55 10 9.98548 -0.00290334
6.56 10 9.98563 -0.00287445
6.57 10 9.98577 -0.00284585
6.58 10 9.98591 -0.00281753
6.59 10 9.98605 -0.00278949
6.6 10 9.98619 -0.00276174
6.61 10 9.98633 -0.00273426
6.62 10 9.98646 -0.00270705
6.63 10 9.9866 -0.00268012
6.64 10 9.98673 -0.00265345
6.65 10 9.98686 -0.00262705
6.66 10 9.987 -0.00260091
6.67 10 9.98712 -0.00257503
6.68 10 9.98725 -0.0025494
6.69 10 9.98738 -0.00252404
6.7 10 9.98751 -0.00249892
6.71 10 9.98763 -0.00247406
6.72 10 9.98775 -0.00244944
6.73 10 9.98787 -0.00242507
6.74 10 9.988 -0.00240094
6.75 10 9.98811 -0.00237705
6.76 10 9.98823 -0.00235339
6.77 10 9.98835 -0.00232998
6.78 10 9.98847 -0.00230679
6.79 10 9.98858 -0.00228384
6.8 10 9.98869 -0.00226112
6.81 10 9.98881 -0.00223862
6.82 10 9.98892 -0.00221634
6.83 10 9.98903 -0.00219429
6.84 10 9.98914 -0.00217246
6.85 10 9.98925 -0.00215084
6.86 10 9.98935 -0.00212944
6.87 10 9.98946 -0.00210825
6.88 10 9.98956 -0.00208727
6.89 10 9.98967 -0.0020665
6.9 10 9.98977 -0.00204594
6.91 10 9.98987 -0.00202558
6.92 10 9.98997 -0.00200543
6.93 10 9.99007 -0.00198547
6.94 10 9.99017 -0.00196572
6.95 10 9.99027 -0.00194616
6.96 10 9.99037 -0.00192679
6.97 10 9.99046 -0.00190762
6.98 10 9.99056 -0.00188864
6.99 10 9.99065 -0.00186985
7 10 9.99074 -0.00185124
7.01 10 9.99084 -0.00183282
7.02 10 9.99093 -0.00181458
7.03 10 9.99102 -0.00179653
7.04 10 9.99111 -0.00177865
7.05 10 9.9912 -0.00176096
7.06 10 9.99128 -0.00174343
7.07 10 9.99137 -0.00172609
7.08 10 9.99146 -0.00170891
7.09 10 9.99154 -0.00169191
7.1 10 9.99162 -0.00167507
7.11 10 9.99171 -0.0016584
7.12 10 9.99179 -0.0016419
7.13 10 9.99187 -0.00162557
7.14 10 9.99195 -0.00160939
7.15 10 9.99203 -0.00159338
7.16 10 9.99211 -0.00157752
7.17 10 9.99219 -0.00156183
7.18 10 9.99227 -0.00154628
7.19 10 9.99235 -0.0015309
7.2 10 9.99242 -0.00151567
7.21 10 9.9925 -0.00150058
7.22 10 9.99257 -0.00148565
7.23 10 9.99265 -0.00147087
7.24 10 9.99272 -0.00145624
7.25 10 9.99279 -0.00144175
7.26 10 9.99286 -0.0014274
7.27 10 9.99293 -0.0014132
7.28 10 9.993 -0.00139914
7.29 10 9.99307 -0.00138521
7.3 10 9.99314 -0.00137143
7.31 10 9.99321 -0.00135778
7.32 10 9.99328 -0.00134427
7.33 10 9.99335 -0.0013309
7.34 10 9.99341 -0.00131766
7.35 10 9.99348 -0.00130454
7.36 10 9.99354 -0.00129156
7.37 10 9.99361 -0.00127871
7.38 10 9.99367 -0.00126599
7.39 10 9.99373 -0.00125339
7.4 10 9.9938 -0.00124092
7.41 10 9.99386 -0.00122857
7.42 10 9.99392 -0.00121635
7.43 10 9.99398 -0.00120425
7.44 10 9.99404 -0.00119226
7.45 10 9.9941 -0.0011804
7.46 10 9.99416 -0.00116865
7.47 10 9.99421 -0.00115703
7.48 10 9.99427 -0.00114551
7.49 10 9.99433 -0.00113412
7.5 10 9.99439 -0.00112283
7.51 10 9.99444 -0.00111166
7.52 10 9.9945 -0.0011006
7.53 10 9.99455 -0.00108965
7.54 10 9.99461 -0.0010788
7.55 10 9.99466 -0.00106807
7.56 10 9.99471 -0.00105744
7.57 10 9.99477 -0.00104692
7.58 10 9.99482 -0.0010365
7.59 10 9.99487 -0.00102619
7.6 10 9.99492 -0.00101598
7.61 10 9.99497 -0.00100587
7.62 10 9.99502 -0.00099586
7.63 10 9.99507 -0.000985951
7.64 10 9.99512 -0.000976141
7.65 10 9.99517 -0.000966428
7.66 10 9.99522 -0.000956812
7.67 10 9.99526 -0.000947291
7.68 10 9.99531 -0.000937865
7.69 10 9.99536 -0.000928533
7.7 10 9.9954 -0.000919294
7.71 10 9.99545 -0.000910147
7.72 10 9.99549 -0.000901091
7.73 10 9.99554 -0.000892125
7.74 10 9.99558 -0.000883248
7.75 10 9.99563 -0.000874459
7.76 10 9.99567 -0.000865758
7.77 10 9.99571 -0.000857144
7.78 10 9.99576 -0.000848615
7.79 10 9.9958 -0.000840171
7.8 10 9.99584 -0.000831811
7.81 10 9.99588 -0.000823534
7.82 10 9.99592 -0.00081534
7.83 10 9.99596 -0.000807227
7.84 10 9.996 -0.000799195
7.85 10 9.99604 -0.000791243
7.86 10 9.99608 -0.00078337
7.87 10 9.99612 -0.000775575
7.88 10 9.99616 -0.000767858
7.89 10 9.9962 -0.000760218
7.9 10 9.99624 -0.000752653
7.91 10 9.99627 -0.000745164
7.92 10 9.99631 -0.00073775
7.93 10 9.99635 -0.000730409
7.94 10 9.99638 -0.000723141
7.95 10 9.99642 -0.000715946
7.96 10 9.99646 -0.000708822
7.97 10 9.99649 -0.000701769
7.98 10 9.99653 -0.000694786
7.99 10 9.99656 -0.000687873
8 10 9.99659 -0.000681028
8.01 10 9.99663 -0.000674252
8.02 10 9.99666 -0.000667543
8.03 10 9.9967 -0.000660901
8.04 10 9.99673 -0.000654324
8.05 10 9.99676 -0.000647814
8.06 10 9.99679 -0.000641368
8.07 10 9.99683 -0.000634986
8.08 10 9.99686 -0.000628668
8.09 10 9.99689 -0.000622412
8.1 10 9.99692 -0.000616219
8.11 10 9.99695 -0.000610088
8.12 10 9.99698 -0.000604017
8.13 10 9.99701 -0.000598007
8.14 10 9.99704 -0.000592057
8.15 10 9.99707 -0.000586166
8.16 10 9.9971 -0.000580333
8.17 10 9.99713 -0.000574559
8.18 10 9.99716 -0.000568842
8.19 10 9.99718 -0.000563182
8.2 10 9.99721 -0.000557578
8.21 10 9.99724 -0.00055203
8.22 10 9.99727 -0.000546537
8.23 10 9.99729 -0.000541099
8.24 10 9.99732 -0.000535715
8.25 10 9.99735 -0.000530384
8.26 10 9.99737 -0.000525107
8.27 10 9.9974 -0.000519882
8.28 10 9.99743 -0.000514709
8.29 10 9.99745 -0.000509587
8.3 10 9.99748 -0.000504517
8.31 10 9.9975 -0.000499497
8.32 10 9.99753 -0.000494527
8.33 10 9.99755 -0.000489606
8.34 10 9.99758 -0.000484734
8.35 10 9.9976 -0.000479911
8.36 10 9.99762 -0.000475136
8.37 10 9.99765 -0.000470408
8.38 10 9.99767 -0.000465727
8.39 10 9.99769 -0.000461093
8.4 10 9.99772 -0.000456505
8.41 10 9.99774 -0.000451963
8.42 10 9.99776 -0.000447466
8.43 10 9.99778 -0.000443013
8.44 10 9.99781 -0.000438605
8.45 10 9.99783 -0.000434241
8.46 10 9.99785 -0.00042992
8.47 10 9.99787 -0.000425642
8.48 10 9.99789 -0.000421407
8.49 10 9.99791 -0.000417214
8.5 10 9.99793 -0.000413063
8.51 10 9.99796 -0.000408953
8.52 10 9.99798 -0.000404883
8.53 10 9.998 -0.000400855
8.54 10 9.99802 -0.000396866
8.55 10 9.99804 -0.000392917
8.56 10 9.99805 -0.000389008
8.57 10 9.99807 -0.000385137
8.58 10 9.99809 -0.000381305
8.59 10 9.99811 -0.000377511
8.6 10 9.99813 -0.000373754
8.61 10 9.99815 -0.000370035
8.62 10 9.99817 -0.000366353
8.63 10 9.99819 -0.000362708
8.64 10 9.9982 -0.000359099
8.65 10 9.99822 -0.000355526
8.66 10 9.99824 -0.000351988
8.67 10 9.99826 -0.000348486
8.68 10 9.99827 -0.000345018
8.69 10 9.99829 -0.000341585
8.7 10 9.99831 -0.000338187
8.71 10 9.99833 -0.000334822
8.72 10 9.99834 -0.00033149
8.73 10 9.99836 -0.000328192
8.74 10 9.99838 -0.000324926
8.75 10 9.99839 -0.000321693
8.76 10 9.99841 -0.000318492
8.77 10 9.99842 -0.000315323
8.78 10 9.99844 -0.000312185
8.79 10 9.99845 -0.000309079
8.8 10 9.99847 -0.000306004
8.81 10 9.99849 -0.000302959
8.82 10 9.9985 -0.000299944
8.83 10 9.99852 -0.00029696
8.84 10 9.99853 -0.000294005
8.85 10 9.99854 -0.00029108
8.86 10 9.99856 -0.000288183
8.87 10 9.99857 -0.000285316
8.88 10 9.99859 -0.000282477
8.89 10 9.9986 -0.000279666
8.9 10 9.99862 -0.000276883
8.91 10 9.99863 -0.000274128
8.92 10 9.99864 -0.000271401
8.93 10 9.99866 -0.0002687
8.94 10 9.99867 -0.000266026
8.95 10 9.99868 -0.000263379
8.96 10 9.9987 -0.000260759
8.97 10 9.99871 -0.000258164
8.98 10 9.99872 -0.000255595
8.99 10 9.99873 -0.000253052
9 10 9.99875 -0.000250534
9.01 10 9.99876 -0.000248041
9.02 10 9.99877 -0.000245573
9.03 10 9.99878 -0.00024313
9.04 10 9.9988 -0.000240711
9.05 10 9.99881 -0.000238315
9.06 10 9.99882 -0.000235944
9.07 10 9.99883 -0.000233596
9.08 10 9.99884 -0.000231272
9.09 10 9.99886 -0.000228971
9.1 10 9.99887 -0.000226693
9.11 10 9.99888 -0.000224437
9.12 10 9.99889 -0.000222204
9.13 10 9.9989 -0.000219993
9.14 10 9.99891 -0.000217804
9.15 10 9.99892 -0.000215636
9.16 10 9.99893 -0.000213491
9.17 10 9.99894 -0.000211367
9.18 10 9.99895 -0.000209263
9.19 10 9.99896 -0.000207181
9.2 10 9.99897 -0.00020512
9.21 10 9.99898 -0.000203079
9.22 10 9.99899 -0.000201058
9.23 10 9.999 -0.000199057
9.24 10 9.99901 -0.000197077
9.25 10 9.99902 -0.000195116
9.26 10 9.99903 -0.000193174
9.27 10 9.99904 -0.000191252
9.28 10 9.99905 -0.000189349
9.29 10 9.99906 -0.000187465
9.3 10 9.99907 -0.0001856
9.31 10 9.99908 -0.000183753
9.32 10 9.99909 -0.000181925
9.33 10 9.9991 -0.000180114
9.34 10 9.99911 -0.000178322
9.35 10 9.99912 -0.000176548
9.36 10 9.99913 -0.000174791
9.37 10 9.99913 -0.000173052
9.38 10 9.99914 -0.00017133
9.39 10 9.99915 -0.000169625
9.4 10 9.99916 -0.000167938
9.41 10 9.99917 -0.000166267
9.42 10 9.99918 -0.000164612
9.43 10 9.99919 -0.000162974
9.44 10 9.99919 -0.000161353
9.45 10 9.9992 -0.000159747
9.46 10 9.99921 -0.000158158
9.47 10 9.99922 -0.000156584
9.48 10 9.99922 -0.000155026
9.49 10 9.99923 -0.000153483
9.5 10 9.99924 -0.000151956
9.51 10 9.99925 -0.000150444
9.52 10 9.99926 -0.000148947
9.53 10 9.99926 -0.000147465
9.54 10 9.99927 -0.000145998
9.55 10 9.99928 -0.000144545
9.56 10 9.99928 -0.000143107
9.57 10 9.99929 -0.000141683
9.58 10 9.9993 -0.000140273
9.59 10 9.99931 -0.000138877
9.6 10 9.99931 -0.000137495
9.61 10 9.99932 -0.000136127
9.62 10 9.99933 -0.000134773
9.63 10 9.99933 -0.000133432
9.64 10 9.99934 -0.000132104
9.65 10 9.99935 -0.00013079
9.66 10 9.99935 -0.000129488
9.67 10 9.99936 -0.0001282
9.68 10 9.99937 -0.000126924
9.69 10 9.99937 -0.000125661
9.7 10 9.99938 -0.000124411
9.71 10 9.99938 -0.000123173
9.72 10 9.99939 -0.000121947
9.73 10 9.9994 -0.000120734
9.74 10 9.9994 -0.000119533
9.75 10 9.99941 -0.000118343
9.76 10 9.99941 -0.000117166
9.77 10 9.99942 -0.000116
9.78 10 9.99943 -0.000114846
9.79 10 9.99943 -0.000113703
9.8 10 9.99944 -0.000112572
9.81 10 9.99944 -0.000111451
9.82 10 9.99945 -0.000110342
9.83 10 9.99945 -0.000109244
9.84 10 9.99946 -0.000108157
9.85 10 9.99946 -0.000107081
9.86 10 9.99947 -0.000106016
9.87 10 9.99948 -0.000104961
9.88 10 9.99948 -0.000103917
9.89 10 9.99949 -0.000102883
9.9 10 9.99949 -0.000101859
9.91 10 9.9995 -0.000100845
9.92 10 9.9995 -9.98419e-05
9.93 10 9.99951 -9.88484e-05
9.94 10 9.99951 -9.78649e-05
9.95 10 9.99952 -9.68911e-05
9.96 10 9.99952 -9.5927e-05
9.97 10 9.99953 -9.49725e-05
9.98 10 9.99953 -9.40275e-05
9.99 10 9.99953 -9.30919e-05
10 10 9.99954 -9.21656e-05
